ID_PARCELA;NOMBRE;ALTITUD;UTM_X_GPS;UTM_Y_GPS;PENDIENTE;ORIENTACION
1;ABL01;1249,00;522185;4105492,00;30;30
2;ABL02;1342,00;521680;4105491,00;29;20
3;ABL03;1366,00;521694;4104993,00;52;340
4;ABL04;1423,00;521179;4105494,00;27;80
5;ABL05;1348,00;521185;4105994,00;35;120
6;ABL06;1529,00;520683;4105491,00;45;50
7;ABL07;1609,00;520684;4104997,00;37;150
8;ABL08;1318,00;520934;4106493,00;30;70
9;ABL09;1361,00;520680;4106487,00;31;355
10;ABL10;1389,00;520430;4106491,00;34;50
11;ABL11;1412,00;520171;4106489,00;47;90
12;ABL12;1353,00;520432;4106738,00;20;80
13;ABL13;1336,00;520681;4106738,00;35;140
14;ABL14;1299,00;520936;4106743,00;15;95
15;ABL15;1320,00;520934;4106993,00;7;80
16;ABL16;1331,00;520682;4106992,00;16;40
17;ABL17;1360,00;520432;4106995,00;30;330
18;ABR01;2001,00;517684;4104497,00;31;48
19;ABR02;1855,00;517187;4104996,00;37;27
20;ABR03;1714,00;516683;4105493,00;53;52
21;ABR04;1393,00;515437;4106493,00;70;335
22;ABR05;1777,00;515184;4105497,00;43;278
23;ABR06;1393,00;514934;4106242,00;80;150
24;ABR07;1397,00;514931;4106496,00;61;150
25;ABR08;1375,00;515165;4107273,00;21;135
26;ABR09;1378,00;514934;4106997,00;25;105
27;ABR10;1400,00;514937;4106743,00;51;110
28;ABR11;1464,00;514682;4106995,00;32;119
29;ABR12;1411,00;514184;4106991,00;25;335
30;ABR13;1699,00;514186;4105992,00;42;90
31;ABR14;1566,00;513685;4106495,00;27;292
32;ABR15;1534,00;513183;4106995,00;45;92
33;ABR16;1472,00;513189;4106492,00;48;340
34;ABR17;1880,00;513682;4105495,00;40;110
35;ABR18;1557,00;512682;4106494,00;56;94
36;ABR19;1648,00;512666;4106971,00;20;85
37;ABR20;1897,00;511680;4105996,00;34;105
38;ABR21;1992,00;510182;4106490,00;27;65
39;ABR22;1948,00;510182;4106993,00;11;30
40;ABR23;1901,00;509683;4106996,00;20;340
41;ABR24;1416,00;514684;4107246,00;66;328
42;ABR26;1353,00;516681;4106741,00;26;320
43;ALB01;1551,00;527183;4102992,00;25;50
44;ALB02;1495,00;527179;4103489,00;40;32
45;ALB03;1562,00;526683;4103488,00;27;5
46;ALB04;1420,00;527680;4103493,00;20;50
47;ALB05;1440,00;527684;4102996,00;55;145
48;ALB06;1409,00;528180;4102487,00;22;130
49;ALB07;1320,00;528463;4102180,00;25;110
50;ALB08;1266,00;528646;4102176,00;28;195
51;ALB09;1222,00;528693;4101995,00;23;160
52;ALB10;1395,00;526682;4103993,00;50;345
53;ALB11;1400,00;527181;4103992,00;2;1
54;ALB12;1380,00;527686;4103988,00;25;210
55;ALB13;1381,00;528183;4103989,00;15;350
56;ALB14;1360,00;528179;4103490,00;20;190
57;ALB15;1356,00;528182;4102990,00;36;345
58;ALB16;1249,00;528402;4101701,00;30;90
59;ALB17;1343,00;528430;4102491,00;36;70
60;ALB18;1260,00;528671;4102482,00;40;90
61;ALB19;1174,00;528874;4102495,00;35;60
62;ALB20;1150,00;528931;4102742,00;22;90
63;ALB21;1076,00;529186;4102490,00;60;68
64;ALB22;974,00;529436;4102493,00;68;100
65;ALB23;1244,00;528688;4102736,00;56;110
66;ALB24;1331,00;528434;4102742,00;31;90
67;ALB25;1168,00;528909;4102939,00;42;170
68;ALB26;1219,00;528668;4102988,00;51;152
69;ALB27;1314,00;528431;4102987,00;45;85
70;ALB28;1257,00;528669;4103195,00;35;110
71;ALB29;1271,00;528569;4103449,00;50;160
72;ALB30;1318,00;528686;4103994,00;44;15
73;ALB31;1409,00;527182;4104496,00;12;150
74;ALB32;1303,00;526688;4104493,00;44;265
75;ALB33;1292,00;526681;4104989,00;35;255
76;ALB34;1158,00;526186;4104989,00;43;280
77;ALB35;1289,00;526184;4104490,00;25;20
78;ALB36;1418,00;526188;4103990,00;34;15
79;ALB37;1400,00;527929;4104239,00;20;270
80;ALB38;1329,00;528435;4104243,00;34;115
81;ALD01;2031,00;495687;4108998,00;30;320
82;ALD02;1706,00;495683;4110998,00;33;308
83;ALD03;1873,00;495686;4109992,00;32;290
84;ALD05;1831,00;494683;4108991,00;20;340
85;ALD06;1918,00;494684;4107995,00;32;265
86;ALD07;1971,00;494687;4106994,00;23;355
87;ALD08;2030,00;495687;4106996,00;45;255
88;ALD09;1919,00;493685;4106998,00;78;340
89;ALD10;1730,00;493677;4107988,00;40;80
90;ALD11;1706,00;492686;4107993,00;54;45
91;ALD12;1755,00;492183;4107991,00;78;125
92;ALD13;1908,00;491684;4107994,00;32;135
93;ALD14;1806,00;492685;4108996,00;16;118
94;ALD15;1778,00;492692;4109498,00;32;50
95;ALD16;1859,00;491686;4108997,00;31;335
96;ALD18;1797,00;490183;4109495,00;25;110
97;ALD19;2047,00;490184;4107992,00;32;18
98;ALD20;1813,00;490183;4110495,00;22;101
99;ALD21;1945,00;489686;4109990,00;21;85
100;ALD22;1992,00;489684;4108994,00;42;41
101;ALD24;2134,00;489683;4107992,00;35;85
102;ALD25;2085,00;489684;4108492,00;37;40
103;ALP12;2295,00;488499;4103991,00;52;262
104;ALP05;2340,00;486739;4100971,00;30;120
105;ALP06;2162,00;486687;4099987,00;38;153
106;ALP07;2194,00;485693;4099987,00;37;130
107;ALP08;2022,00;485685;4098993,00;42;120
108;ALS01;1675,00;526681;4102984,00;19;120
109;ALS02;1508,00;527180;4102490,00;31;132
110;BAY01;2023,00;501685;4102997,00;47;305
111;BAY02;1813,00;499680;4101994,00;32;245
112;BAY03;2167,00;501689;4103995,00;35;240
113;BAY04;1910,00;500684;4102994,00;36;140
114;BAY05;2042,00;500686;4104002,00;59;190
115;BAY06;1739,00;501681;4099994,00;12;240
116;BAY07;1653,00;501684;4099492,00;16;225
117;BAY08;2014,00;499684;4102995,00;28;225
118;BAY09;1976,00;502684;4100994,00;10;120
119;BAY10;1901,00;501682;4100997,00;14;200
120;BAY11;2017,00;501687;4101997,00;20;267
121;BAY13;2086,00;498683;4105991,00;33;280
122;BEI01;1783,00;517684;4103001,00;34;227
123;BEI02;2213,00;516686;4103998,00;19;185
124;BEI03;1900,00;516683;4102992,00;72;115
125;BEI04;1603,00;517690;4101996,00;56;70
126;BEI05;1750,00;516667;4101990,00;58;135
127;BEI06;1695,00;517681;4101492,00;25;70
128;BEI07;1604,00;518685;4101990,00;41;204
129;BEI08;1836,00;516686;4102490,00;60;60
130;BEI09;1953,00;515709;4102000,00;24;150
131;BEI10;2117,00;515687;4102996,00;17;105
132;BEI11;1591,00;518683;4100992,00;60;40
133;BEI12;2197,00;514689;4102994,00;31;215
134;BEI13;2079,00;514687;4101990,00;18;180
135;BEI14;1398,00;518684;4101497,00;69;210
136;BER01;1776,00;483681;4094989,00;27;210
137;BER02;2285,00;484691;4100992,00;40;240
138;BER05;2439,00;481685;4100995,00;19;132
139;BER07;2254,00;480683;4097990,00;38;135
140;BER08;2143,00;480682;4096998,00;32;74
141;BER09;2093,00;480684;4095994,00;32;92
142;BER10;2047,00;480681;4094993,00;22;120
143;BER12;2099,00;479691;4093993,00;50;70
144;BUB01;1836,00;470196;4089989,00;35;295
145;BUB02;1776,00;469722;4090017,00;25;240
146;CAN01;1140,00;524684;4102991,00;75;360
147;CAÑ01;1806,00;463693;4091986,00;52;105
148;CAÑ02;1931,00;463173;4091992,00;51;115
149;CAÑ03;2036,00;463171;4092499,00;49;150
150;CAÑ04;1986,00;463183;4092241,00;5;130
151;CAÑ05;2058,00;462933;4092245,00;54;125
152;CAÑ06;2106,00;462933;4092494,00;15;105
153;CAÑ07;1979,00;462933;4091990,00;27;135
154;CAÑ08;1820,00;462682;4090987,00;15;190
155;CAP01;2351,00;470688;4092994,00;24;280
156;DIL01;1772,00;458692;4102490,00;72;350
157;DIL02;1588,00;457194;4101486,00;10;280
158;DIL03;1693,00;457692;4101494,00;72;330
159;DIL04;1924,00;457685;4100999,00;75;310
160;DIL05;1521,00;456682;4101489,00;38;0
161;DIL06;1613,00;456683;4101988,00;91;200
162;DIL07;1780,00;457182;4102491,00;10;320
163;DIL08;1674,00;455685;4101485,00;23;25
164;DIL09;1483,00;455688;4101990,00;35;10
165;DIL10;1319,00;455185;4102989,00;41;230
166;DIL11;1617,00;454181;4101992,00;44;10
167;DIL12;1528,00;453829;4102397,00;71;335
168;DIL13;1190,00;453682;4102989,00;61;20
169;DIL15;1100,00;453185;4103491,00;74;210
170;DIL16;1260,00;452689;4102992,00;62;190
171;DIL17;1311,00;452690;4101989,00;75;255
172;DIL18;1024,00;452188;4102995,00;96;308
173;DIL19;1716,00;457185;4102988,00;45;150
174;DIL20;1471,00;453181;4102491,00;76;340
175;DIL23;1296,00;453930;4102742,00;90;32
176;DIL24;1353,00;453689;4102742,00;94;355
177;DIL26;1195,00;453435;4102991,00;92;340
178;DIL27;1383,00;453426;4102712,00;94;50
179;DIL29;1164,00;453437;4103494,00;64;330
180;DIL30;1080,00;452936;4103494,00;8;150
181;DIL31;1205,00;452935;4103240,00;78;20
182;DIL32;1125,00;453188;4103244,00;90;325
183;DIL33;1399,00;452685;4102491,00;49;325
184;DIL34;1340,00;452435;4102490,00;94;0
185;DIL35;1187,00;452431;4102745,00;82;310
186;DIL36;1118,00;452184;4102744,00;84;340
187;DIL37;1112,00;452434;4102991,00;95;280
188;DIL38;1171,00;451937;4102495,00;100;330
189;DIL39;1191,00;452181;4102241,00;30;50
190;DIL40;1127,00;451932;4102741,00;95;205
191;DIL41;1336,00;452433;4101997,00;80;293
192;DIL42;1453,00;452685;4101741,00;80;310
193;DIL43;1315,00;452933;4101993,00;17;320
194;DOL01;1922,00;500683;4109992,00;25;336
195;DOL02;1945,00;499678;4107996,00;50;30
196;DOL03;1846,00;499681;4108998,00;65;95
197;DOL04;1849,00;498680;4110491,00;45;95
198;DUR01;1818,00;458688;4099999,00;90;130
199;DUR02;1859,00;459191;4099993,00;82;335
200;DUR03;1781,00;457189;4098990,00;69;325
201;DUR04;2017,00;457687;4098497,00;39;20
202;DUR05;1590,00;455899;4098802,00;46;330
203;DUR06;1582,00;453180;4100495,00;55;120
204;DUR07;1588,00;452935;4100495,00;81;292
205;DUR08;1500,00;452682;4100492,00;32;155
206;DUR09;1453,00;452685;4100238,00;43;355
207;DUR10;1435,00;452437;4099995,00;68;340
208;DUR11;1548,00;452681;4099992,00;68;285
209;DUR12;1540,00;453180;4100243,00;32;257
210;DUR13;1644,00;453182;4099997,00;91;215
211;DUR14;1500,00;452435;4099739,00;64;270
212;DUR15;1434,00;452183;4099744,00;50;310
213;DUR16;1363,00;452183;4099997,00;20;240
214;DUR17;1341,00;451932;4099743,00;67;315
215;DUR18;1416,00;451938;4099494,00;75;270
216;DUR19;1267,00;451686;4099492,00;66;270
217;DUR20;1273,00;451686;4099742,00;36;315
218;DUR21;1181,00;451681;4099238,00;98;270
219;DUR22;1403,00;451935;4100240,00;77;245
220;DUR23;1439,00;451930;4100496,00;78;255
221;DUR24;1360,00;451679;4100497,00;11;252
222;DUR25;1512,00;453183;4099739,00;78;260
223;DUR26;1180,00;451432;4099494,00;15;180
224;DUR28;1369,00;453682;4099246,00;94;150
225;DUR29;1213,00;453687;4098988,00;94;140
226;DUR30;1297,00;453935;4099239,00;75;170
227;DUR31;1509,00;453937;4099496,00;42;65
228;FER01;1855,00;498686;4109991,00;28;275
229;FER02;1913,00;498683;4108994,00;33;255
230;FER03;2146,00;498679;4107994,00;25;275
231;FER04;2058,00;498183;4107996,00;45;40
232;FER05;1873,00;497686;4108996,00;30;50
233;FER10;2152,00;496685;4107997,00;12;70
234;FER12;1978,00;497683;4108496,00;63;250
235;FER13;2124,00;495699;4107997,42;10;340
236;FIÑ02;1815,00;509687;4107497,00;25;332
237;FIÑ03;1638,00;509174;4107461,00;65;320
238;FIÑ05;1672,00;509186;4108496,00;30;260
239;FIÑ06;1743,00;508686;4107495,00;33;28
240;FIÑ07;1824,00;508685;4106995,00;35;62
241;FIÑ08;1792,00;508184;4106998,00;42;340
242;FIÑ09;1856,00;508681;4106492,00;43;45
243;FIÑ10;1793,00;507683;4106493,00;31;287
244;FON01;2362,00;512684;4103994,00;30;198
245;FON02;2317,00;513686;4102999,00;24;210
246;FON03;2087,00;513658;4101994,00;22;210
247;FON04;1868,00;513687;4100994,00;33;201
248;GÜE114;1848,00;470176;4108003,00;47;245
249;GÜE115;1792,00;470226;4107509,00;46;230
250;GÜE116;1928,00;471187;4108493,00;40;10
251;GÜE117;1434,00;469169;4109523,00;65;15
252;GÜE118;1844,00;465695;4107989,00;60;40
253;GÜE119;1928,00;465201;4108004,00;54;80
254;GÜE120;;465183;4107494,00;25;30
255;GÜE121;1952,00;464195;4108540,00;37;340
256;GÜE122;1899,00;463335;4108925,00;45;50
257;GÜE123;1969,00;462642;4109025,00;5;0
258;GÜE124;2002,00;463706;4108547,00;53;0
259;GÜE184;1840,00;470636;4107014,00;65;270
260;GÜE75;1227,00;465691;4109996,00;83;320
261;GÜE76;1303,00;466171;4110004,00;53;335
262;GÜE77;1411,00;466683;4109503,00;70;30
263;GÜE78;1494,00;466164;4109493,00;45;290
264;GÜE79;1300,00;467181;4109523,00;86;25
265;GÜE80;1308,00;467680;4109503,00;66;30
266;GÜE81;1825,00;470371;4108490,00;34;345
267;GÜE82;2163,00;472655;4109255,00;52;185
268;GÜE83;2019,00;472658;4108874,00;60;340
269;GÜE84;;468183;4108493,00;86;60
270;GÜE85;;467683;4108493,00;54;25
271;GÜE86;1607,00;469205;4108015,00;82;80
272;GÜE88;1641,00;469662;4108485,00;50;240
273;GÜE89;1626,00;469667;4109000,00;75;40
274;GÜE90;;469184;4108993,00;72;278
275;GÜE91;;469184;4108493,00;70;38
276;HUE01;1931,00;504185;4106992,00;48;50
277;HUE02;2054,00;504678;4106994,00;37;0
278;HUE03;1913,00;504682;4107497,00;39;5
279;HUE04;1777,00;504184;4107491,00;58;282
280;HUE05;1686,00;503679;4107992,00;45;315
281;HUE06;1745,00;504178;4107992,00;28;352
282;HUE07;1740,00;504683;4108001,00;49;20
283;HUE08;1766,00;504679;4108495,00;27;247
284;HUE09;1649,00;504179;4108494,00;36;275
285;HUE10;1791,00;504680;4108983,00;50;1
286;HUE11;1595,00;503680;4109007,00;62;326
287;HUE12;2008,00;502680;4106998,00;30;12
288;HUE13;2039,00;502186;4106995,00;36;10
289;HUE14;1947,00;501685;4107493,00;17;30
290;HUE15;1960,00;501680;4107995,00;33;83
291;HUE16;1728,00;502675;4107994,00;68;15
292;HUE17;1700,00;502681;4108991,00;54;5
293;HUE18;1962,00;501682;4108995,00;12;175
294;HUE19;1814,00;501685;4109994,00;25;45
295;HUE20;2020,00;501181;4108995,00;16;60
296;HUE21;1993,00;501186;4109492,00;35;33
297;HUE22;2080,00;501179;4107993,00;185;60
298;HUE23;2020,00;501182;4108481,00;10;30
299;JER01;1885,00;479682;4114497,00;37;97
300;JER03;1705,00;480184;4113996,00;60;80
301;JER04;1794,00;480686;4113994,00;40;308
302;JER05;1735,00;481687;4113994,00;60;97
303;JER06;1774,00;480683;4115494,00;47;192
304;JER08;1971,00;480682;4110994,00;30;150
305;JER09;1892,00;480684;4111996,00;40;123
306;JER10;1580,00;482667;4112995,00;17;110
307;JER11;1852,00;481169;4111000,00;70;105
308;JER12;1618,00;481684;4110991,00;95;60
309;JER13;1701,00;482683;4110996,00;50;354
310;JER15;1674,00;482685;4113996,00;26;43
311;JER16;1727,00;482685;4109995,00;39;160
312;JER17;1878,00;481685;4109994,00;30;356
313;JER18;1754,00;481667;4111986,00;42;180
314;JER19;1717,00;484185;4109494,00;25;241
315;JER32;1777,00;481687;4112995,00;39;115
316;JER35;1555,00;483193;4113496,00;35;8
317;JER36;1854,00;483188;4107998,00;71;43
318;JER37;1769,00;483186;4108494,00;80;80
319;JER38;1692,00;483697;4108995,00;33;260
320;JER43;1653,00;484185;4110993,00;27;304
321;JER44;1644,00;484187;4110494,00;37;238
322;JER45;1516,00;483652;4110496,00;21;317
323;JER47;1711,00;482684;4109015,00;52;115
324;JER48;1976,00;482676;4107987,00;25;330
325;JER50;1633,00;485181;4112010,00;40;345
326;JER51;1596,00;483648;4109992,00;16;180
327;JER55;1584,00;484685;4111495,00;43;280
330;LAN01;2236,00;458685;4092994,00;43;125
331;LAN02;1750,00;458687;4090991,00;23;115
332;LAU01;2257,00;511685;4103992,00;21;165
333;LAU02;2267,00;509685;4103998,00;27;195
334;LEC01;2084,00;457686;4090994,00;31;220
335;LNT01;1986,00;486686;4108491,00;21;342
336;LNT02;1879,00;486690;4108990,00;18;335
337;LNT03;1702,00;486687;4109996,00;26;295
338;LNT04;1579,00;486186;4109995,00;18;300
339;LNT05;1747,00;488187;4108995,00;59;265
340;LNT06;1826,00;487683;4108494,00;41;104
341;LNT07;1963,00;488684;4107994,00;25;290
342;LNT08;1628,00;485684;4110995,00;45;342
343;LNT09;2039,00;487184;4107994,00;35;49
344;LNT10;1793,00;485681;4109995,00;45;78
345;LNT13;1717,00;489685;4110994,00;41;305
346;LNT14;2042,00;489185;4107994,00;35;262
347;LNT15;1873,00;489686;4110498,00;22;355
348;LNT16;2103,00;488687;4106995,00;38;40
349;LNT17;2054,00;488185;4107492,00;37;32
350;LNT18;1816,00;487684;4108993,00;65;85
351;LNT19;1924,00;488685;4108992,00;31;279
352;LNT20;1910,00;487685;4107996,00;37;42
353;LNT22;1798,00;487684;4109994,00;49;90
354;LNT23;1900,00;489185;4109996,00;30;293
355;LNT24;1869,00;488686;4109494,00;43;318
356;LNT25;1635,00;488186;4109492,00;63;282
357;LNT26;1975,00;489185;4109490,00;13;281
358;LNT27;1753,00;488686;4109992,00;21;300
359;LTV01;1457,00;525685;4103995,00;38;60
360;LTV02;1309,00;525682;4104489,00;20;350
361;LTV03;1176,00;525684;4104988,00;31;350
362;LTV04;1119,00;525184;4104987,00;52;360
363;LTV05;1301,00;525188;4104492,00;40;20
364;LTV06;1093,00;524683;4104983,00;80;355
365;LTV07;1316,00;524688;4104489,00;31;360
366;LTV08;1220,00;524181;4104496,00;33;270
367;LTV09;1090,00;524183;4104994,00;33;355
368;LTV10;1239,00;523680;4104486,00;32;40
369;LTV11;1172,00;523179;4104991,00;45;350
370;LTV12;1260,00;522678;4104994,00;25;30
371;LTV13;1317,00;522184;4104989,00;23;80
372;LUG01;1529,00;477217;4115993,00;50;325
373;LUG03;1346,00;477687;4117050,00;57;270
374;LUG04;1455,00;477680;4116451,00;64;65
375;LUG05;1537,00;477183;4116490,00;55;352
376;LUG06;1364,00;477548;4117329,00;25;30
377;LUG07;1317,00;478132;4118491,00;58;352
378;LUG08;1806,00;477682;4113556,00;75;40
379;LUG09;1784,00;477186;4113493,00;27;340
380;LUG10;1423,00;478187;4117993,00;30;293
381;LUG11;1323,00;477672;4117738,00;55;110
382;LUG12;1719,00;477181;4114495,00;64;110
383;LUG13;1505,00;478681;4117490,00;35;30
384;LUG14;1516,00;478182;4116991,00;37;315
385;LUG16;1620,00;478683;4116994,00;29;315
386;LUG18;1577,00;477680;4114991,00;60;310
387;LUG19;1526,00;477679;4115493,00;65;100
388;LUG20;1682,00;477242;4115460,00;42;180
389;LUG21;1508,00;478184;4115993,00;30;330
390;LUG22;1544,00;477684;4115995,00;55;340
391;LUG23;1582,00;478680;4115992,00;66;210
392;MON01;1808,00;458198;4103490,00;27;290
393;MON02;1826,00;458682;4103991,00;31;320
394;MON03;1761,00;458193;4103995,00;29;380
395;MON04;1874,00;459184;4104491,00;65;310
396;MON05;1477,00;455683;4104495,00;54;315
397;MON06;1357,00;454684;4104492,00;49;330
398;MON07;1372,00;454183;4104491,00;33;42
399;MON08;1310,00;453678;4104492,00;43;53
400;MON09;1583,00;457187;4104998,00;75;200
401;MON10;1884,00;459184;4104995,00;20;195
402;MON11;1853,00;458680;4104998,00;37;325
403;MON12;1694,00;458183;4105492,00;68;45
404;MON13;1725,00;457689;4105495,00;45;5
405;MON14;1691,00;457189;4105984,00;75;150
406;MON15;1716,00;457187;4105491,00;57;240
407;MON16;1704,00;456687;4105497,00;52;65
408;MON17;1550,00;456685;4104994,00;51;171
409;MON18;1544,00;456183;4104991,00;77;220
410;MON19;1600,00;455690;4104998,00;31;48
411;MON20;1478,00;454680;4104998,00;48;320
412;MON21;1703,00;455182;4105496,00;52;265
413;MON22;1735,00;455179;4105997,00;11;270
414;MON23;1756,00;455687;4106497,00;42;305
415;MON24;1693,00;456182;4106486,00;32;125
416;MON25;1625,00;455687;4106998,00;42;15
417;MON26;1706,00;454684;4106995,00;23;5
418;MON27;1409,00;453685;4106497,00;45;235
419;MON28;1442,00;456185;4107486,00;63;300
420;MON29;1444,00;455683;4107491,00;50;345
421;MON30;1562,00;455184;4107494,00;38;20
422;MON31;1791,00;459685;4105494,00;74;345
423;MON32;1535,00;459184;4106495,00;55;300
424;MON33;1732,00;459181;4105991,00;38;40
425;MON34;1498,00;460186;4106497,00;50;50
426;MON35;1530,00;460681;4106494,00;92;15
427;MON36;1701,00;461195;4105996,00;38;290
428;MON37;1784,00;461183;4105494,00;28;300
429;MON38;1703,00;461684;4105989,00;84;25
430;MON39;1693,00;457692;4104991,00;30;185
431;MON42;1339,00;455689;4107988,00;78;40
432;MON43;1395,00;455181;4107981,00;38;235
433;MON44;1609,00;460180;4105999,00;86;285
434;MON45;1890,00;460684;4108491,00;40;305
435;MON46;1314,00;456189;4107996,00;65;315
436;MON47;1396,00;455686;4107740,00;31;30
437;MON48;1276,00;455931;4107995,00;72;15
438;MON49;1421,00;455434;4107746,00;24;330
439;MON50;1365,00;455432;4107992,00;22;60
440;MON51;1284,00;455432;4108245,00;24;312
441;MON52;1480,00;455187;4107743,00;26;10
442;MON53;1198,00;454934;4108490,00;68;350
443;MON54;1292,00;455183;4108239,00;22;0
444;MON55;1793,00;455685;4105993,00;22;235
445;MON56;1619,00;455182;4105241,00;84;280
446;MON57;1561,00;454936;4105239,00;64;280
447;MON58;1615,00;454935;4104992,00;72;285
448;MON59;1520,00;455681;4104744,00;12;180
449;MON60;1504,00;455938;4104742,00;21;145
450;MON61;1311,00;454433;4104742,00;16;220
451;MON62;1367,00;454437;4104492,00;63;345
452;MON63;1265,00;454188;4104735,00;46;315
453;MON64;1538,00;456433;4104991,00;42;170
454;MON65;1560,00;457188;4104743,00;43;340
455;MON66;1577,00;457436;4104748,00;55;230
456;MON67;1662,00;457181;4105244,00;52;95
457;MON68;1624,00;456937;4105242,00;8;212
458;MON69;1684,00;456936;4105495,00;52;225
459;MON70;1732,00;457185;4105739,00;63;100
460;MON71;1599,00;455931;4104996,00;75;140
461;MON72;1805,00;459440;4105492,00;35;25
462;MON73;1874,00;459435;4105248,00;25;315
463;MON74;1555,00;459680;4106241,00;68;320
464;MON75;1650,00;459181;4106243,00;40;50
465;MON76;1482,00;459186;4106743,00;25;25
466;MON77;1425,00;459435;4106747,00;75;25
467;NAC01;1148,00;529428;4104493,00;35;100
468;NAC02;1140,00;529186;4104992,00;40;360
469;NAC03;1175,00;529184;4104737,00;18;78
470;NAC04;1273,00;528681;4104489,00;33;45
471;NAC06;1192,00;528182;4104988,00;34;320
472;NAC07;1347,00;528183;4104493,00;42;80
473;NAC08;1214,00;527685;4104990,00;38;355
474;NAC09;1359,00;527684;4104490,00;39;340
475;NAC11;1115,00;527688;4105491,00;28;355
476;NAC12;1199,00;527185;4105490,00;45;10
477;NAC13;993,00;527691;4105991,00;60;105
478;NAC14;1275,00;528437;4104743,00;26;40
479;NAC15;1196,00;528940;4104742,00;20;70
480;NAC16;1020,00;527433;4105994,00;100;320
481;NAC17;1131,00;529436;4104744,00;22;45
482;NAC19;1195,00;529183;4104495,00;27;45
483;NEV01;2062,00;497685;4106991,00;32;70
484;NEV02;2201,00;497182;4106996,00;17;38
485;NEV03;2061,00;497681;4106503,00;42;40
486;NEV04;2128,00;497680;4105992,00;27;102
487;NEV05;2116,00;496687;4104995,00;68;20
488;NEV06;2151,00;497188;4104490,00;50;75
489;NEV07;2141,00;496683;4102988,00;32;210
490;NEV08;1962,00;495686;4102989,00;47;85
491;NEV09;2041,00;497680;4101997,42;42;73
492;NEV10;1877,00;497682;4101004,00;38;225
493;NEV11;1888,00;496685;4101990,00;22;198
494;NEV12;2076,00;495681;4100997,00;40;60
495;NEV13;2033,00;494784;4101199,00;10;235
496;NEV14;2146,00;494683;4101995,00;37;225
497;NEV15;1730,00;495685;4098999,00;11;217
498;NEV16;1920,00;495681;4099997,00;23;202
499;NEV17;1860,00;494776;4100200,00;34;273
500;NEV18;1810,00;495171;4099495,00;18;200
501;NEV19;1680,00;494440;4099169,00;19;235
502;NEV20;1788,00;494182;4100499,00;19;227
503;NEV21;2054,00;492785;4103195,00;14;205
504;NEV22;1856,00;492788;4102197,00;25;235
505;NEV23   ;2190,00;496676;4105951,00;50;205
506;NEV24  ;2056,00;497396;4103758,00;30;203
507;NEV25 ;2085,00;497186;4104807,00;28;62
508;NEV27;1683,00;493688;4100972,00;60;330
509;NEV28 ;1768,00;494684;4099491,00;17;205
510;NEV29;2030,00;494056;4101975,00;42;190
511;NEV30;2062,00;493555;4102161,00;22;165
512;OHA01;1316,00;522184;4103991,00;35;20
513;OHA02;1475,00;522185;4101742,00;38;70
514;OHA03;1526,00;521185;4102245,00;42;130
515;OHA04;1557,00;521432;4102245,00;28;250
516;OHA05;1529,00;521681;4101743,00;45;240
517;OHA06;1575,00;521684;4101994,00;50;275
518;OHA07;1547,00;521934;4101742,00;36;160
519;OHA08;1289,00;523181;4104491,00;32;70
520;OHA09;2058,00;518182;4103995,00;40;20
521;OHA10;1947,00;518684;4103994,00;29;30
522;OHA11;1608,00;520683;4103994,00;20;100
523;OHA12;1782,00;520685;4102998,00;12;200
524;OHA13;1855,00;519687;4103000,00;23;175
525;OHA14;1558,00;519683;4101993,00;35;135
526;OHA15;1468,00;521684;4104499,00;12;145
527;OHA16;1851,00;518687;4102993,00;25;170
528;OHA17;1526,00;520186;4101990,00;19;190
529;OHA18;1518,00;519936;4101994,00;65;270
530;OHA19;1422,00;522190;4104496,00;24;90
531;OHA20;1446,00;519182;4101492,00;43;135
532;OHA21;1416,00;521686;4103995,00;12;30
533;OHA22;1490,00;521189;4103994,00;49;10
534;OHA23;1567,00;521434;4103499,00;16;85
535;OHA24;1526,00;521438;4103742,00;29;45
536;OHA25;1580,00;521678;4102999,00;36;70
537;OHA26;1506,00;521686;4103492,00;35;350
538;OHA27;1490,00;521939;4103244,00;24;60
539;OHA28;1558,00;521686;4103242,00;32;50
540;OHA29;1544,00;521935;4101991,00;35;55
541;OHA30;1514,00;521934;4102243,00;42;80
542;OHA31;1579,00;521185;4103746,00;39;30
543;PAM01;2230,00;465690;4093001,00;75;125
544;PAM02;2156,00;467175;4094496,00;27;33
545;PAM03;2256,00;466683;4094979,00;50;50
546;PAT01;1818,00;502683;4099998,00;22;200
547;PAT02;1855,00;503684;4102993,00;50;334
548;PAT03;1748,00;502685;4099495,00;13;160
549;PAT04;1994,00;503182;4104493,00;42;60
550;PAT05;1689,00;503663;4100006,00;40;112
551;PAT06;1787,00;503687;4100998,00;55;75
552;PAT07;1966,00;502682;4101989,00;36;378
553;PAT08;1792,00;503684;4101996,00;18;145
554;PAT09;1846,00;503681;4102496,00;54;120
555;PAT10;2137,00;505685;4104997,00;46;194
556;PAT11;1902,00;503183;4103495,00;41;172
557;PAT12;2142,00;502683;4103992,00;27;147
558;PAT13;2151,00;503686;4104999,00;28;165
559;PAT14;1864,00;504684;4103997,00;31;131
560;POR01;1754,00;474180;4093482,00;68;105
561;POR02;1849,00;474181;4092993,00;58;90
562;POR03;1698,00;473685;4090486,00;15;150
563;POR04;1763,00;473680;4090985,00;28;100
564;POR05;1855,00;473185;4090991,00;31;127
565;POR06;2151,00;472686;4091989,00;32;235
566;POR07;1966,00;471685;4090993,00;16;285
567;POR08 ;1918,00;473688;4093919,00;72;50
568;SOP01;1705,00;464686;4089491,00;38;216
569;SOP02;1775,00;464686;4089991,00;54;252
570;SOP03;2155,00;464937;4091757,00;21;205
571;SOP04;2126,00;464689;4091745,00;41;225
572;SOP05;2179,00;464684;4091991,00;30;235
573;SOP06;2053,00;464452;4091736,00;32;252
574;SOP07;2092,00;464433;4091988,00;41;237
575;SOP08;2130,00;464435;4092247,00;44;305
576;SOP09;2014,00;464187;4092246,00;51;265
577;SOP10;2001,00;464185;4091991,00;96;270
578;SOP11;1948,00;464185;4091742,00;24;260
579;SOP12;1953,00;463936;4092241,00;56;275
580;TAH01;2006,00;470695;4091000,00;34;140
581;TAH02;1777,00;470686;4089997,00;32;135
582;TAH03;2211,00;470683;4091993,00;24;145
583;TRE01;1951,00;477681;4092999,00;40;278
584;TRE02;1956,00;477655;4094987,42;28;220
585;TRE03;1611,00;476695;4092991,00;53;309
586;TRE04;1644,00;477671;4097000,00;50;240
587;TRE05;1760,00;478167;4097986,00;66;45
588;TRE06;1771,00;478174;4098486,00;73;50
589;TRE07;2039,00;478964;4098010,00;71;128
590;TRE08;1645,00;477689;4096228,00;35;250
591;TRE09;1644,00;477182;4095495,00;68;310
592;VAL01;1959,00;491785;4102191,00;28;105
593;VAL02;1972,00;491782;4103197,00;30;75
594;VAL03;1838,00;491793;4100192,42;24;85
595;VAL04;1781,00;492292;4102195,00;35;105
596;VAL05;2133,00;491395;4103710,42;22;110
597;VAL06;2222,00;491357;4104528,00;35;105
598;VAL07 ;1889,00;491406;4101194,00;44;115
599;VAL08  ;1803,00;491807;4100616,42;38;70
600;BAY12;;502184;4103001,00;28;220
